1 2 3 4 13 
1 2 3 4 26 
1 2 3 5 22 
1 2 3 6 28 
1 2 3 7 23 
1 2 3 8 26 
1 2 3 20 22 
1 2 3 21 24 
1 2 4 7 14 
1 2 4 10 16 
1 2 4 13 28 
1 2 4 16 19 
1 2 5 8 18 
1 2 7 13 20 
1 2 8 9 18 
1 2 8 12 18 
1 2 8 14 28 
1 2 9 11 19 
1 2 9 13 26 
1 2 9 19 26 
1 2 9 22 24 
1 2 9 26 27 
1 2 10 12 26 
1 2 11 12 13 
1 2 11 19 22 
1 2 12 18 22 
1 2 13 18 20 
1 2 13 23 25 
1 2 15 21 22 
1 2 18 20 21 
1 2 18 24 28 
1 2 21 26 27 
1 3 4 7 26 
1 3 4 8 26 
1 3 4 10 13 
1 3 5 6 21 
1 3 5 10 21 
1 3 5 22 26 
1 3 5 24 26 
1 3 6 8 25 
1 3 6 13 17 
1 3 8 17 19 
1 3 9 10 14 
1 3 9 19 23 
1 3 9 20 23 
1 3 9 23 28 
1 3 10 19 26 
1 3 11 15 25 
1 3 12 17 22 
1 3 13 16 19 
1 3 15 17 26 
1 3 22 23 26 
1 3 25 26 27 
1 4 5 6 8 
1 4 5 9 12 
1 4 5 10 15 
1 4 6 12 18 
1 4 6 17 27 
1 4 7 12 20 
1 4 8 15 18 
1 4 8 15 20 
1 4 9 11 22 
1 4 9 17 23 
1 4 10 17 19 
1 4 10 17 23 
1 4 11 24 28 
1 4 13 16 21 
1 4 13 21 27 
1 4 14 21 24 
1 4 15 21 26 
1 4 15 27 28 
1 4 17 19 27 
1 4 22 24 25 
1 5 6 9 15 
1 5 6 13 27 
1 5 6 17 24 
1 5 6 17 25 
1 5 6 22 25 
1 5 7 14 18 
1 5 7 15 16 
1 5 7 20 26 
1 5 7 20 28 
1 5 8 11 26 
1 5 9 17 22 
1 5 9 23 24 
1 5 10 19 24 
1 5 10 22 26 
1 5 11 13 22 
1 5 12 14 25 
1 5 13 23 26 
1 5 14 22 25 
1 5 15 18 25 
1 5 15 25 27 
1 6 7 13 26 
1 6 8 9 22 
1 6 8 15 24 
1 6 12 14 21 
1 6 13 14 18 
1 6 13 19 21 
1 6 14 15 21 
1 6 14 22 25 
1 6 15 16 18 
1 7 9 14 21 
1 7 10 15 25 
1 7 12 21 25 
1 7 14 19 25 
1 7 14 20 28 
1 7 14 25 27 
1 7 15 20 21 
1 7 15 24 28 
1 7 16 21 25 
1 7 18 21 28 
1 7 19 24 26 
1 7 21 22 24 
1 8 10 20 27 
1 8 12 16 21 
1 8 12 18 20 
1 8 16 19 28 
1 8 16 24 28 
1 8 18 22 23 
1 8 22 24 28 
1 9 10 21 23 
1 9 10 22 27 
1 9 10 23 28 
1 9 11 13 14 
1 9 11 16 22 
1 9 11 24 28 
1 9 12 20 22 
1 9 13 24 26 
1 9 14 19 22 
1 9 15 16 20 
1 9 16 22 28 
1 9 16 23 24 
1 9 24 25 27 
1 10 11 16 22 
1 10 11 24 26 
1 10 12 17 26 
1 10 12 20 21 
1 10 13 15 28 
1 10 13 20 23 
1 10 13 20 26 
1 10 15 16 18 
1 10 17 18 25 
1 10 20 21 24 
1 11 13 16 18 
1 11 14 16 21 
1 11 14 20 21 
1 11 15 16 24 
1 11 16 19 20 
1 11 16 22 25 
1 11 17 21 25 
1 12 16 20 28 
1 12 22 26 27 
1 12 25 26 28 
1 13 15 17 20 
1 13 16 18 24 
1 14 15 17 26 
1 14 16 20 21 
1 14 16 22 24 
1 14 19 22 23 
1 15 17 20 25 
1 15 19 26 27 
1 17 20 24 28 
1 17 24 25 28 
1 18 22 24 25 
1 18 23 25 28 
1 19 21 22 27 
1 19 21 23 28 
1 22 25 26 28 
2 3 4 5 8 
2 3 4 17 25 
2 3 5 7 27 
2 3 5 10 15 
2 3 5 10 27 
2 3 6 8 16 
2 3 6 11 20 
2 3 6 25 28 
2 3 7 10 20 
2 3 8 13 26 
2 3 8 20 28 
2 3 8 21 23 
2 3 9 10 24 
2 3 10 12 13 
2 3 10 12 25 
2 3 10 15 19 
2 3 10 17 23 
2 3 10 24 26 
2 3 12 16 18 
2 3 12 16 28 
2 3 13 16 22 
2 3 14 18 21 
2 3 14 21 23 
2 3 15 16 22 
2 3 16 18 27 
2 3 20 23 26 
2 4 5 7 10 
2 4 5 12 18 
2 4 6 7 13 
2 4 6 8 15 
2 4 6 11 27 
2 4 6 16 28 
2 4 6 17 24 
2 4 7 10 21 
2 4 7 12 20 
2 4 7 13 24 
2 4 7 22 28 
2 4 8 16 18 
2 4 8 22 23 
2 4 8 25 27 
2 4 9 12 19 
2 4 9 17 28 
2 4 9 18 24 
2 4 10 11 28 
2 4 10 12 17 
2 4 10 18 23 
2 4 12 13 18 
2 4 12 27 28 
2 4 14 17 22 
2 4 14 18 25 
2 4 15 23 25 
2 4 16 18 24 
2 4 16 25 28 
2 4 18 19 28 
2 4 18 24 27 
2 5 6 8 10 
2 5 6 8 27 
2 5 6 14 15 
2 5 6 21 24 
2 5 6 22 28 
2 5 7 11 27 
2 5 7 17 18 
2 5 8 12 16 
2 5 8 21 23 
2 5 9 13 18 
2 5 10 11 12 
2 5 10 11 19 
2 5 11 13 26 
2 5 13 17 19 
2 5 14 16 26 
2 5 16 20 24 
2 6 7 8 9 
2 6 7 14 16 
2 6 7 16 18 
2 6 8 18 24 
2 6 8 21 24 
2 6 9 22 25 
2 6 9 23 25 
2 6 11 12 18 
2 6 19 25 28 
2 7 8 9 20 
2 7 8 11 15 
2 7 9 11 22 
2 7 9 26 27 
2 7 10 12 26 
2 7 12 19 27 
2 7 12 21 27 
2 7 14 22 24 
2 7 15 24 28 
2 7 15 25 26 
2 7 17 18 22 
2 7 17 19 21 
2 7 18 19 23 
2 7 18 21 27 
2 8 9 12 25 
2 8 9 17 28 
2 8 10 12 13 
2 8 10 19 26 
2 8 11 13 25 
2 8 11 20 21 
2 8 12 16 25 
2 8 14 21 22 
2 8 14 22 26 
2 8 14 24 25 
2 8 18 23 26 
2 8 21 24 28 
2 9 10 11 18 
2 9 10 12 26 
2 9 10 12 28 
2 9 10 15 18 
2 9 11 13 15 
2 9 11 16 23 
2 9 12 17 23 
2 9 12 22 26 
2 9 12 24 27 
2 9 13 16 21 
2 9 13 16 22 
2 9 14 19 22 
2 9 14 19 23 
2 9 15 23 26 
2 9 16 20 22 
2 9 18 19 28 
2 9 20 24 25 
2 9 21 22 28 
2 10 11 20 25 
2 10 12 17 26 
2 10 12 17 28 
2 10 13 18 25 
2 10 13 22 27 
2 10 14 15 28 
2 10 14 20 27 
2 10 15 21 22 
2 10 18 22 26 
2 11 12 16 20 
2 11 13 17 23 
2 11 14 16 19 
2 11 14 20 23 
2 11 15 18 25 
2 11 18 22 24 
2 11 19 22 25 
2 11 20 21 28 
2 12 13 16 17 
2 12 13 21 22 
2 12 15 18 27 
2 12 16 17 26 
2 12 16 21 23 
2 13 14 15 26 
2 13 14 15 27 
2 13 15 16 28 
2 13 17 22 24 
2 13 18 20 23 
2 13 19 24 28 
2 13 20 26 27 
2 13 22 25 26 
2 14 15 17 20 
2 14 16 20 22 
2 14 17 24 25 
2 14 18 23 25 
2 14 18 23 28 
2 14 24 25 26 
2 15 16 24 25 
2 15 18 23 24 
2 17 18 19 23 
2 17 18 22 28 
2 17 19 25 27 
2 17 19 26 27 
2 17 23 26 28 
2 19 21 26 27 
2 23 24 27 28 
3 4 5 6 9 
3 4 5 6 24 
3 4 5 8 9 
3 4 5 26 27 
3 4 6 17 20 
3 4 7 11 17 
3 4 7 12 14 
3 4 7 13 28 
3 4 10 13 24 
3 4 10 16 17 
3 4 10 18 26 
3 4 11 20 26 
3 4 11 20 28 
3 4 12 14 26 
3 4 12 18 27 
3 4 14 15 17 
3 4 15 18 26 
3 4 17 24 25 
3 4 18 27 28 
3 5 6 19 28 
3 5 7 8 17 
3 5 8 15 23 
3 5 8 22 24 
3 5 8 22 28 
3 5 8 23 28 
3 5 11 22 23 
3 5 13 18 21 
3 5 13 22 27 
3 5 14 21 23 
3 5 15 23 24 
3 5 16 22 24 
3 5 19 21 25 
3 5 20 21 27 
3 5 21 23 26 
3 5 24 25 27 
3 6 7 10 11 
3 6 8 11 24 
3 6 8 12 16 
3 6 8 13 19 
3 6 8 14 16 
3 6 10 12 14 
3 6 10 13 21 
3 6 13 14 23 
3 6 20 24 28 
3 6 20 25 27 
3 6 21 23 25 
3 6 23 24 28 
3 7 12 17 26 
3 7 13 17 26 
3 7 14 18 25 
3 7 14 26 27 
3 7 16 25 27 
3 7 20 22 26 
3 7 20 26 27 
3 7 21 22 26 
3 8 9 11 14 
3 8 9 13 19 
3 8 10 11 23 
3 8 11 14 25 
3 8 11 15 26 
3 8 11 25 28 
3 8 12 14 24 
3 8 13 20 23 
3 8 14 15 16 
3 8 17 18 23 
3 8 19 21 25 
3 9 11 23 28 
3 9 13 14 21 
3 9 13 14 25 
3 9 13 16 22 
3 9 13 17 23 
3 9 15 21 23 
3 9 19 23 28 
3 9 21 24 28 
3 10 11 23 25 
3 10 12 21 27 
3 10 12 22 24 
3 10 14 15 22 
3 10 14 20 26 
3 10 14 22 23 
3 10 15 16 23 
3 10 16 17 26 
3 10 16 23 25 
3 10 24 26 27 
3 11 12 18 26 
3 11 12 18 28 
3 11 13 14 26 
3 11 13 18 24 
3 11 14 16 19 
3 11 18 22 28 
3 12 17 23 24 
3 12 18 23 24 
3 12 21 22 27 
3 13 14 17 24 
3 13 14 18 26 
3 13 15 18 22 
3 13 15 19 28 
3 13 16 19 23 
3 13 17 20 23 
3 13 17 23 26 
3 13 18 21 25 
3 13 26 27 28 
3 14 15 18 25 
3 14 18 19 27 
3 14 18 20 25 
3 14 18 24 26 
3 14 22 23 26 
3 14 22 25 26 
3 15 16 18 27 
3 15 16 20 28 
3 15 18 23 28 
3 15 20 25 26 
3 16 17 21 24 
3 16 18 20 22 
3 16 18 22 25 
3 16 22 23 24 
3 16 22 23 25 
3 16 23 24 25 
3 17 18 19 26 
3 17 20 24 25 
3 17 25 27 28 
3 18 20 21 22 
3 18 25 27 28 
3 19 20 22 27 
3 19 20 24 28 
3 22 23 25 26 
4 5 6 19 26 
4 5 8 22 23 
4 5 9 13 18 
4 5 9 18 19 
4 5 9 24 27 
4 5 10 14 19 
4 5 10 18 22 
4 5 12 19 23 
4 5 13 18 20 
4 5 13 22 25 
4 5 15 20 28 
4 5 16 17 27 
4 5 19 25 27 
4 6 7 15 27 
4 6 7 16 19 
4 6 8 12 14 
4 6 8 13 21 
4 6 8 15 18 
4 6 8 21 27 
4 6 9 15 28 
4 6 10 22 28 
4 6 13 21 26 
4 6 15 19 25 
4 6 15 20 27 
4 6 15 23 27 
4 6 16 19 26 
4 6 19 24 25 
4 6 19 25 28 
4 6 22 23 26 
4 6 23 24 26 
4 6 25 26 28 
4 7 8 10 24 
4 7 8 22 26 
4 7 9 10 21 
4 7 9 16 20 
4 7 9 23 24 
4 7 10 11 23 
4 7 10 12 14 
4 7 11 13 22 
4 7 11 17 27 
4 7 12 14 20 
4 7 12 17 26 
4 7 12 19 22 
4 7 12 21 27 
4 7 13 16 18 
4 7 15 16 19 
4 7 15 17 21 
4 7 17 18 20 
4 7 19 21 28 
4 7 19 24 25 
4 8 9 17 26 
4 8 9 21 23 
4 8 10 14 19 
4 8 11 12 17 
4 8 11 16 23 
4 8 11 22 23 
4 8 12 13 27 
4 8 13 23 24 
4 8 14 16 17 
4 8 14 25 26 
4 8 18 21 26 
4 8 20 23 24 
4 9 15 23 26 
4 10 11 18 20 
4 10 11 23 27 
4 10 12 14 16 
4 10 12 14 28 
4 10 12 19 21 
4 10 12 20 22 
4 10 12 23 24 
4 10 13 17 18 
4 10 16 18 22 
4 10 17 18 19 
4 10 19 25 27 
4 10 21 24 25 
4 11 14 26 27 
4 11 15 17 18 
4 11 15 17 24 
4 11 15 22 27 
4 11 15 23 26 
4 11 15 25 26 
4 11 17 18 25 
4 11 17 22 23 
4 11 19 21 27 
4 11 21 24 26 
4 12 13 17 25 
4 12 17 18 21 
4 12 18 25 27 
4 13 14 17 28 
4 13 16 21 28 
4 13 18 26 27 
4 13 25 27 28 
4 14 15 19 27 
4 14 18 19 23 
4 15 16 20 28 
4 15 18 19 20 
4 16 18 20 25 
4 16 20 22 28 
4 17 18 19 28 
4 19 23 26 28 
4 20 22 25 27 
4 20 23 24 26 
4 20 24 25 28 
5 6 7 10 22 
5 6 7 11 28 
5 6 8 10 19 
5 6 9 18 24 
5 6 11 21 24 
5 6 12 19 22 
5 6 13 21 24 
5 6 14 18 20 
5 6 14 21 22 
5 6 17 19 28 
5 7 8 15 22 
5 7 9 13 22 
5 7 10 12 25 
5 7 10 13 23 
5 7 10 15 18 
5 7 10 26 28 
5 7 11 16 19 
5 7 11 18 23 
5 7 11 21 23 
5 7 12 14 21 
5 7 14 17 21 
5 7 15 18 21 
5 7 17 18 19 
5 7 18 20 23 
5 8 9 10 23 
5 8 9 11 20 
5 8 9 12 26 
5 8 9 22 28 
5 8 10 13 19 
5 8 12 14 21 
5 8 12 15 21 
5 8 12 25 27 
5 8 14 24 26 
5 8 17 22 25 
5 8 17 23 26 
5 8 18 22 25 
5 8 19 22 26 
5 8 20 21 28 
5 8 21 22 24 
5 8 21 23 27 
5 9 10 19 27 
5 9 10 20 23 
5 9 11 13 19 
5 9 11 17 18 
5 9 12 14 28 
5 9 12 16 21 
5 9 13 14 20 
5 9 13 16 18 
5 9 16 18 20 
5 9 18 19 20 
5 9 20 23 26 
5 10 11 15 18 
5 10 11 18 26 
5 10 12 16 28 
5 10 14 17 25 
5 10 14 20 24 
5 10 14 20 27 
5 10 17 21 27 
5 10 18 24 28 
5 11 12 16 22 
5 11 13 17 26 
5 11 13 18 23 
5 11 13 18 27 
5 11 13 27 28 
5 11 15 19 23 
5 11 15 19 27 
5 11 16 17 23 
5 11 16 26 27 
5 11 18 21 23 
5 11 20 27 28 
5 12 14 15 20 
5 12 14 19 24 
5 12 16 22 28 
5 12 21 22 28 
5 14 16 17 26 
5 14 16 18 23 
5 14 17 18 22 
5 14 24 26 28 
5 15 17 19 21 
5 15 20 26 27 
5 15 23 25 27 
5 16 17 21 22 
5 17 19 21 22 
5 17 21 25 26 
5 17 23 24 28 
5 18 19 20 27 
5 18 19 21 22 
5 18 19 25 27 
5 19 23 25 28 
5 22 26 27 28 
6 7 8 12 19 
6 7 8 18 22 
6 7 8 22 23 
6 7 8 22 27 
6 7 9 11 28 
6 7 9 15 27 
6 7 10 21 22 
6 7 11 14 26 
6 7 11 20 21 
6 7 13 15 24 
6 7 13 18 27 
6 7 13 22 26 
6 7 15 20 28 
6 7 16 21 25 
6 7 18 20 24 
6 7 20 21 22 
6 8 9 19 25 
6 8 10 24 28 
6 8 11 17 24 
6 8 13 14 17 
6 8 13 21 25 
6 8 14 17 21 
6 8 14 17 23 
6 8 16 19 27 
6 8 17 19 26 
6 8 23 24 28 
6 9 10 14 18 
6 9 10 19 21 
6 9 10 22 24 
6 9 11 12 20 
6 9 11 16 24 
6 9 11 22 24 
6 9 13 14 17 
6 9 14 15 23 
6 9 15 21 23 
6 9 16 23 24 
6 9 17 18 22 
6 9 17 20 22 
6 10 12 16 20 
6 10 12 24 26 
6 10 13 15 19 
6 10 13 16 27 
6 10 18 22 23 
6 11 12 15 28 
6 11 13 15 23 
6 11 13 23 25 
6 11 16 21 23 
6 11 16 25 27 
6 11 18 22 25 
6 12 13 14 22 
6 12 13 17 18 
6 12 13 18 20 
6 12 16 27 28 
6 12 17 18 27 
6 13 18 24 27 
6 13 21 24 27 
6 14 16 19 25 
6 14 18 19 23 
6 14 18 22 23 
6 15 18 22 23 
6 15 20 25 27 
6 16 17 22 27 
6 16 17 27 28 
6 16 19 23 27 
6 16 20 23 24 
6 17 18 21 23 
6 17 20 21 26 
6 18 19 21 28 
6 19 21 22 24 
6 20 21 22 25 
6 20 22 25 26 
6 21 24 25 27 
6 23 25 26 28 
7 8 9 10 27 
7 8 9 12 16 
7 8 9 15 16 
7 8 9 15 18 
7 8 9 23 25 
7 8 10 19 28 
7 8 10 21 22 
7 8 10 26 28 
7 8 11 13 14 
7 8 11 17 28 
7 8 12 18 23 
7 8 13 15 18 
7 8 13 16 18 
7 8 14 19 20 
7 8 14 21 22 
7 8 15 18 24 
7 8 15 20 27 
7 8 19 21 25 
7 8 20 23 25 
7 9 11 17 18 
7 9 11 23 26 
7 9 13 19 24 
7 9 13 22 26 
7 9 13 24 28 
7 9 14 17 27 
7 9 15 19 23 
7 9 16 20 27 
7 9 19 24 28 
7 9 20 24 28 
7 9 21 22 26 
7 10 13 23 25 
7 10 13 23 26 
7 10 14 16 28 
7 10 15 20 23 
7 10 19 24 26 
7 10 23 24 27 
7 10 23 25 28 
7 11 12 13 27 
7 11 15 17 26 
7 11 16 18 22 
7 11 22 24 25 
7 12 13 27 28 
7 12 15 17 25 
7 13 14 15 22 
7 13 16 19 20 
7 13 17 18 21 
7 13 17 20 25 
7 14 18 20 25 
7 14 18 23 26 
7 14 19 20 28 
7 14 22 24 26 
7 15 17 20 27 
7 15 21 26 28 
7 16 23 24 25 
7 17 18 20 26 
7 17 21 22 23 
7 19 22 24 27 
7 22 23 27 28 
8 9 10 11 13 
8 9 12 22 26 
8 9 13 17 18 
8 9 14 20 25 
8 9 15 16 20 
8 9 15 21 23 
8 9 15 21 26 
8 9 21 22 25 
8 9 21 24 26 
8 10 11 18 20 
8 10 11 20 21 
8 10 12 17 27 
8 10 13 21 24 
8 10 16 19 23 
8 10 16 20 24 
8 10 17 23 24 
8 10 18 19 23 
8 10 19 25 28 
8 10 20 27 28 
8 11 12 13 23 
8 11 12 17 27 
8 11 12 18 25 
8 11 12 22 28 
8 11 13 17 26 
8 11 14 17 27 
8 11 17 19 21 
8 11 17 23 28 
8 11 21 23 28 
8 12 13 17 22 
8 12 17 21 23 
8 12 19 21 25 
8 12 19 22 28 
8 13 14 24 27 
8 13 15 17 21 
8 13 20 25 28 
8 13 21 22 24 
8 14 15 16 24 
8 14 21 22 24 
8 15 16 19 25 
8 15 18 21 27 
8 15 18 21 28 
8 15 19 20 28 
8 15 21 22 24 
8 15 21 26 28 
8 16 19 23 24 
8 16 20 21 24 
8 17 19 20 21 
8 17 26 27 28 
8 18 22 23 28 
8 18 22 25 27 
8 20 22 23 26 
9 10 11 12 25 
9 10 11 13 17 
9 10 11 16 28 
9 10 11 18 23 
9 10 12 13 20 
9 10 13 17 24 
9 10 13 18 22 
9 10 14 22 28 
9 10 15 16 17 
9 10 15 16 23 
9 10 17 21 23 
9 10 20 22 23 
9 10 20 22 25 
9 11 12 14 22 
9 11 13 21 22 
9 11 13 21 26 
9 11 14 24 28 
9 11 15 25 26 
9 11 17 19 20 
9 11 17 19 24 
9 11 19 22 28 
9 12 14 15 17 
9 12 14 23 24 
9 12 16 22 28 
9 12 21 22 24 
9 13 16 19 25 
9 13 16 20 26 
9 13 18 19 25 
9 13 18 20 24 
9 13 24 27 28 
9 14 17 19 21 
9 14 19 20 26 
9 15 17 22 25 
9 15 18 23 26 
9 16 18 19 21 
9 17 19 22 23 
9 20 21 26 28 
9 21 22 24 28 
10 11 13 18 26 
10 11 13 19 23 
10 11 14 19 21 
10 11 18 19 26 
10 11 20 21 25 
10 11 20 25 28 
10 11 22 24 26 
10 12 14 15 20 
10 12 14 18 28 
10 12 15 21 28 
10 12 16 24 25 
10 12 19 20 22 
10 12 19 21 25 
10 13 16 24 26 
10 13 17 23 24 
10 13 19 25 26 
10 13 20 21 27 
10 13 22 24 27 
10 14 15 20 24 
10 14 16 17 24 
10 14 17 18 24 
10 14 19 26 28 
10 14 22 26 28 
10 15 17 19 25 
10 16 17 19 27 
10 16 20 21 28 
10 16 25 26 27 
10 17 20 21 23 
10 18 20 25 28 
10 20 21 24 27 
10 20 23 24 26 
10 21 22 24 25 
10 21 22 25 28 
11 12 14 16 18 
11 12 14 17 19 
11 12 16 17 19 
11 12 16 23 24 
11 12 17 23 25 
11 12 22 24 26 
11 12 22 24 28 
11 13 15 18 22 
11 13 22 24 25 
11 14 16 20 27 
11 14 19 22 27 
11 14 24 25 26 
11 15 18 20 27 
11 16 20 27 28 
11 18 20 25 26 
11 18 23 26 27 
11 19 20 23 27 
12 13 14 15 17 
12 13 14 17 26 
12 13 14 20 24 
12 13 15 25 28 
12 13 18 19 28 
12 14 16 17 22 
12 14 16 17 23 
12 14 17 18 28 
12 14 17 20 22 
12 14 18 22 25 
12 15 16 17 26 
12 15 16 26 28 
12 15 17 18 25 
12 15 17 19 23 
12 15 18 19 27 
12 15 19 20 21 
12 16 18 21 24 
12 16 18 22 25 
12 17 20 25 27 
12 18 19 20 22 
12 18 19 21 27 
12 18 19 24 27 
12 18 20 21 22 
12 19 21 23 28 
12 20 21 26 28 
12 20 23 25 26 
13 14 15 16 21 
13 14 15 16 26 
13 14 18 19 27 
13 14 20 21 25 
13 14 21 22 25 
13 14 21 24 28 
13 14 23 25 26 
13 15 16 23 26 
13 15 17 18 22 
13 15 19 22 28 
13 16 17 23 26 
13 18 19 22 27 
13 18 19 23 25 
13 18 20 26 27 
13 18 24 26 27 
13 18 24 26 28 
13 19 21 24 27 
13 22 25 26 27 
14 15 16 24 28 
14 15 18 20 25 
14 15 18 21 25 
14 15 20 23 27 
14 16 18 19 20 
14 17 18 26 28 
14 17 24 25 28 
14 18 19 23 28 
14 18 21 24 28 
14 18 22 24 27 
14 20 21 26 28 
14 20 23 27 28 
15 16 17 20 25 
15 16 17 23 26 
15 16 18 27 28 
15 16 21 24 28 
15 16 22 23 24 
15 18 19 26 27 
15 19 21 22 24 
15 19 24 25 27 
16 17 18 23 28 
16 17 24 25 28 
16 18 19 21 26 
16 19 21 24 26 
16 20 21 27 28 
16 21 22 25 27 
17 21 22 23 25 
19 22 24 26 28 
22 23 24 27 28 
