1 1 1 23 25 
1 1 2 9 14 
1 1 3 4 24 
1 1 3 18 19 
1 1 6 19 25 
1 1 8 23 28 
1 1 9 16 21 
1 1 13 15 25 
1 1 14 24 28 
1 1 15 16 16 
1 2 2 14 17 
1 2 3 7 18 
1 2 3 11 15 
1 2 4 7 23 
1 2 4 7 28 
1 2 4 8 21 
1 2 5 13 19 
1 2 5 16 22 
1 2 6 7 14 
1 2 6 12 16 
1 2 7 7 8 
1 2 7 9 22 
1 2 7 18 20 
1 2 7 20 20 
1 2 8 10 22 
1 2 8 12 16 
1 2 8 16 18 
1 2 8 16 23 
1 2 8 16 25 
1 2 9 17 22 
1 2 10 19 26 
1 2 10 21 26 
1 2 11 14 14 
1 2 12 12 25 
1 2 13 15 21 
1 2 14 19 21 
1 2 15 15 19 
1 2 15 16 18 
1 2 16 17 27 
1 2 16 24 25 
1 2 18 21 25 
1 3 3 5 9 
1 3 3 26 27 
1 3 4 8 8 
1 3 6 8 20 
1 3 6 19 26 
1 3 8 10 25 
1 3 8 11 15 
1 3 9 10 10 
1 3 9 14 27 
1 3 10 10 15 
1 3 10 16 25 
1 3 10 16 26 
1 3 14 18 23 
1 3 16 16 23 
1 3 22 26 27 
1 4 4 24 27 
1 4 5 18 21 
1 4 6 16 22 
1 4 6 26 28 
1 4 7 7 17 
1 4 7 13 14 
1 4 7 16 21 
1 4 9 19 21 
1 4 10 17 27 
1 4 10 23 27 
1 4 10 24 27 
1 4 11 27 28 
1 4 12 15 20 
1 4 13 16 23 
1 4 15 18 19 
1 4 18 23 27 
1 5 5 6 19 
1 5 7 10 16 
1 5 9 15 21 
1 5 10 11 20 
1 5 11 21 25 
1 5 13 26 28 
1 5 15 22 25 
1 5 16 25 28 
1 5 17 22 28 
1 6 9 17 24 
1 6 9 25 25 
1 6 10 11 17 
1 6 11 17 24 
1 6 12 13 19 
1 6 12 26 27 
1 6 13 14 19 
1 6 13 14 22 
1 6 13 14 26 
1 6 13 16 22 
1 6 13 22 28 
1 6 15 26 28 
1 6 16 26 28 
1 6 17 19 28 
1 7 8 17 17 
1 7 9 9 19 
1 7 9 18 22 
1 7 10 14 17 
1 7 11 18 23 
1 7 13 14 25 
1 7 13 24 27 
1 7 16 24 25 
1 7 17 19 20 
1 7 17 21 23 
1 7 18 18 25 
1 7 20 21 25 
1 7 24 26 28 
1 8 8 14 24 
1 8 8 17 28 
1 8 9 12 24 
1 8 9 13 25 
1 8 9 15 22 
1 8 9 21 26 
1 8 11 17 23 
1 8 11 19 27 
1 8 11 20 26 
1 8 12 15 22 
1 8 12 17 23 
1 8 12 22 25 
1 8 13 17 23 
1 8 15 27 27 
1 8 16 17 20 
1 8 17 22 23 
1 9 10 22 26 
1 9 11 11 20 
1 9 11 14 24 
1 9 12 14 15 
1 9 12 19 25 
1 9 13 22 27 
1 9 16 20 26 
1 9 22 27 27 
1 9 23 25 27 
1 10 10 21 21 
1 10 11 16 20 
1 10 13 16 21 
1 10 13 21 25 
1 10 14 25 26 
1 10 16 26 27 
1 10 16 27 28 
1 10 23 23 28 
1 11 11 13 25 
1 11 13 13 24 
1 11 15 19 25 
1 11 16 22 27 
1 11 21 23 24 
1 11 21 26 27 
1 12 12 18 21 
1 12 13 20 23 
1 12 14 17 19 
1 12 14 20 27 
1 12 15 15 26 
1 12 17 26 28 
1 12 20 27 28 
1 13 14 15 23 
1 13 14 16 17 
1 13 14 16 19 
1 13 14 23 24 
1 13 17 23 25 
1 13 21 23 25 
1 14 14 18 24 
1 14 15 19 26 
1 14 16 18 20 
1 14 21 23 25 
1 14 23 23 25 
1 14 25 25 26 
1 15 16 18 24 
1 16 16 19 22 
1 16 16 22 25 
1 16 19 20 28 
1 16 19 24 25 
1 16 21 24 26 
1 17 19 20 26 
1 17 20 21 27 
1 17 23 24 26 
1 19 22 23 24 
2 2 3 7 18 
2 2 3 19 21 
2 2 3 20 22 
2 2 5 13 28 
2 2 5 14 21 
2 2 6 9 21 
2 2 7 27 28 
2 2 9 15 28 
2 2 10 15 24 
2 2 11 23 27 
2 2 15 15 24 
2 3 3 7 18 
2 3 4 27 28 
2 3 5 7 10 
2 3 5 13 20 
2 3 6 13 16 
2 3 7 17 17 
2 3 9 13 21 
2 3 10 11 18 
2 3 11 19 28 
2 3 13 20 23 
2 3 15 17 28 
2 3 20 21 26 
2 4 4 5 12 
2 4 4 11 24 
2 4 4 21 24 
2 4 5 9 10 
2 4 5 22 27 
2 4 6 8 11 
2 4 6 16 16 
2 4 6 22 25 
2 4 7 10 16 
2 4 7 16 18 
2 4 9 17 17 
2 4 9 18 21 
2 4 10 17 19 
2 4 10 18 19 
2 4 11 15 28 
2 4 11 23 25 
2 4 14 22 24 
2 4 15 22 23 
2 4 17 17 28 
2 4 18 23 26 
2 5 5 17 19 
2 5 6 11 14 
2 5 6 13 21 
2 5 7 9 28 
2 5 7 11 25 
2 5 9 11 22 
2 5 10 13 27 
2 5 10 24 26 
2 5 11 17 23 
2 5 11 18 25 
2 5 12 13 14 
2 5 12 15 19 
2 5 12 21 25 
2 5 13 19 23 
2 5 14 24 28 
2 5 15 15 18 
2 5 15 18 21 
2 5 16 21 22 
2 5 16 22 24 
2 5 17 26 28 
2 5 25 26 27 
2 6 6 7 15 
2 6 6 9 15 
2 6 7 7 11 
2 6 7 14 23 
2 6 8 13 23 
2 6 8 15 24 
2 6 8 21 22 
2 6 10 13 27 
2 6 10 16 17 
2 6 11 13 23 
2 6 12 17 25 
2 6 12 23 23 
2 6 13 16 19 
2 7 8 11 22 
2 7 8 18 24 
2 7 8 19 26 
2 7 9 16 21 
2 7 10 11 23 
2 7 11 11 19 
2 7 11 15 18 
2 7 11 15 23 
2 7 11 27 28 
2 7 12 14 26 
2 7 14 17 19 
2 7 14 20 27 
2 7 15 25 26 
2 7 15 25 28 
2 7 17 26 27 
2 7 18 21 26 
2 7 19 27 27 
2 7 20 26 27 
2 8 9 15 28 
2 8 10 14 25 
2 8 10 15 17 
2 8 11 12 16 
2 8 13 23 27 
2 8 17 18 26 
2 8 23 23 26 
2 8 23 26 28 
2 9 9 19 21 
2 9 10 13 23 
2 9 10 18 26 
2 9 10 23 27 
2 9 12 18 20 
2 9 12 20 25 
2 9 16 23 23 
2 10 13 15 24 
2 10 14 18 18 
2 10 16 23 28 
2 10 20 25 28 
2 10 23 27 28 
2 11 13 23 27 
2 11 20 25 28 
2 12 16 21 28 
2 12 17 24 25 
2 13 13 18 25 
2 13 15 17 19 
2 13 16 22 27 
2 13 19 25 26 
2 14 14 15 15 
2 14 15 16 23 
2 14 15 21 21 
2 14 16 18 25 
2 14 23 25 28 
2 15 15 22 22 
2 15 17 20 20 
2 16 16 18 25 
2 16 17 18 26 
2 16 18 21 26 
2 16 19 20 28 
2 17 17 22 27 
2 17 18 27 28 
2 17 19 23 23 
2 18 19 21 23 
3 3 4 4 26 
3 3 4 8 10 
3 3 7 8 14 
3 3 8 13 23 
3 3 8 19 22 
3 3 10 14 19 
3 3 13 15 20 
3 3 19 22 26 
3 4 4 21 28 
3 4 5 8 27 
3 4 5 14 25 
3 4 6 12 26 
3 4 6 15 24 
3 4 6 20 21 
3 4 7 10 24 
3 4 8 12 19 
3 4 12 14 26 
3 4 12 21 26 
3 4 14 20 24 
3 4 15 19 25 
3 4 16 17 25 
3 5 7 10 26 
3 5 8 9 12 
3 5 8 13 14 
3 5 8 13 23 
3 5 8 19 27 
3 5 9 10 23 
3 5 9 21 28 
3 5 9 25 27 
3 5 10 11 15 
3 5 13 16 25 
3 5 13 18 25 
3 5 16 18 25 
3 5 18 20 27 
3 5 20 24 25 
3 5 23 27 28 
3 6 6 24 25 
3 6 7 11 27 
3 6 7 12 17 
3 6 7 22 23 
3 6 9 17 22 
3 6 10 21 28 
3 6 11 17 20 
3 6 13 13 24 
3 6 13 22 26 
3 6 16 20 24 
3 6 24 26 28 
3 7 7 22 24 
3 7 9 13 26 
3 7 10 20 23 
3 7 11 15 23 
3 7 12 12 24 
3 7 12 14 18 
3 7 12 21 21 
3 7 12 27 27 
3 7 13 14 18 
3 7 13 15 16 
3 7 14 17 23 
3 8 9 12 21 
3 8 10 13 27 
3 8 10 15 17 
3 8 11 24 25 
3 8 12 15 28 
3 8 13 23 24 
3 8 14 23 25 
3 8 14 26 26 
3 8 15 21 21 
3 8 16 19 28 
3 8 17 18 25 
3 8 17 18 26 
3 8 18 25 26 
3 8 19 20 26 
3 8 21 22 24 
3 8 22 24 27 
3 8 23 23 28 
3 9 9 15 20 
3 9 12 17 27 
3 9 16 20 22 
3 9 16 23 25 
3 9 17 27 27 
3 9 18 19 24 
3 10 10 11 28 
3 10 10 20 21 
3 10 12 14 21 
3 10 12 15 27 
3 10 12 18 23 
3 10 14 15 25 
3 10 15 16 26 
3 10 15 20 24 
3 10 17 25 26 
3 11 11 18 26 
3 11 12 14 22 
3 11 12 20 28 
3 11 13 17 25 
3 11 14 16 21 
3 11 15 16 20 
3 11 20 23 24 
3 12 13 16 25 
3 12 14 20 28 
3 12 18 20 28 
3 12 19 21 24 
3 12 21 26 28 
3 12 23 25 27 
3 13 14 22 26 
3 13 15 19 24 
3 13 16 18 28 
3 13 24 27 28 
3 14 15 19 20 
3 14 15 22 23 
3 14 18 20 24 
3 14 19 22 26 
3 14 21 21 27 
3 15 16 17 22 
3 15 20 22 27 
3 15 20 24 28 
3 15 21 22 25 
3 16 17 18 28 
3 16 18 21 27 
3 17 18 20 28 
3 17 19 19 25 
3 17 23 24 26 
3 18 21 22 28 
3 19 25 25 26 
4 4 6 18 27 
4 4 8 14 14 
4 4 8 15 21 
4 4 9 15 27 
4 4 9 23 23 
4 4 11 13 25 
4 4 12 14 20 
4 4 18 20 23 
4 5 5 12 21 
4 5 6 11 21 
4 5 6 16 20 
4 5 6 19 27 
4 5 7 20 25 
4 5 8 21 23 
4 5 9 9 17 
4 5 15 18 26 
4 5 15 20 25 
4 5 21 25 27 
4 5 25 26 28 
4 6 6 8 12 
4 6 7 15 26 
4 6 8 15 23 
4 6 10 18 28 
4 6 10 23 25 
4 6 13 15 20 
4 6 13 17 24 
4 6 14 19 24 
4 6 19 23 24 
4 6 22 22 25 
4 7 7 8 19 
4 7 7 11 12 
4 7 7 22 26 
4 7 8 19 26 
4 7 8 20 24 
4 7 9 15 27 
4 7 10 12 21 
4 7 10 13 14 
4 7 11 12 23 
4 7 11 16 26 
4 7 13 18 28 
4 7 15 16 24 
4 7 23 24 25 
4 8 10 11 23 
4 8 10 12 28 
4 8 10 13 16 
4 8 12 25 26 
4 8 13 16 26 
4 8 16 21 21 
4 8 16 23 27 
4 8 18 20 21 
4 8 19 20 25 
4 8 20 26 28 
4 9 10 25 26 
4 9 13 24 26 
4 9 14 18 28 
4 9 21 22 26 
4 9 23 25 27 
4 10 11 21 28 
4 10 12 27 28 
4 10 14 19 23 
4 10 16 17 19 
4 10 16 20 24 
4 10 20 24 26 
4 11 14 14 24 
4 11 15 15 25 
4 11 15 21 22 
4 11 17 17 22 
4 11 17 19 25 
4 11 17 21 27 
4 11 20 22 26 
4 11 22 27 27 
4 12 13 15 20 
4 12 13 17 19 
4 12 15 16 28 
4 12 15 17 26 
4 12 18 20 21 
4 12 19 22 23 
4 12 19 23 24 
4 12 20 22 22 
4 12 20 24 27 
4 13 14 17 28 
4 13 14 18 23 
4 13 14 25 25 
4 13 16 18 22 
4 13 16 25 27 
4 13 17 22 25 
4 13 21 22 28 
4 13 21 23 25 
4 14 14 17 20 
4 14 15 15 19 
4 14 15 19 27 
4 14 16 21 21 
4 14 16 21 25 
4 14 18 27 28 
4 14 20 24 24 
4 14 20 26 26 
4 15 17 21 24 
4 15 18 18 21 
4 17 18 19 20 
4 20 20 23 24 
4 21 26 27 28 
4 22 23 25 25 
4 22 24 25 26 
4 23 25 26 27 
5 5 5 16 18 
5 5 9 14 25 
5 5 11 14 26 
5 5 11 21 26 
5 5 13 15 22 
5 5 16 21 23 
5 5 17 26 27 
5 6 6 12 24 
5 6 7 11 20 
5 6 8 13 26 
5 6 8 14 28 
5 6 9 14 23 
5 6 9 16 28 
5 6 12 14 17 
5 6 12 25 28 
5 6 13 14 18 
5 6 13 26 28 
5 6 16 16 18 
5 6 17 20 25 
5 6 19 19 26 
5 6 21 24 28 
5 7 7 12 18 
5 7 7 20 23 
5 7 10 16 19 
5 7 10 27 28 
5 7 11 12 21 
5 7 14 22 28 
5 7 19 24 27 
5 7 19 25 26 
5 7 20 22 23 
5 8 9 10 16 
5 8 9 16 22 
5 8 10 20 28 
5 8 11 13 13 
5 8 12 13 24 
5 8 12 19 23 
5 8 13 14 25 
5 8 14 18 26 
5 8 16 23 26 
5 8 19 20 25 
5 9 10 15 17 
5 9 11 19 21 
5 9 11 22 28 
5 9 12 17 19 
5 9 15 16 21 
5 9 15 22 23 
5 9 18 19 26 
5 9 19 20 24 
5 9 19 23 28 
5 9 21 26 27 
5 10 11 25 26 
5 10 12 14 14 
5 10 13 13 24 
5 10 15 17 23 
5 10 16 20 25 
5 10 16 22 23 
5 10 20 25 26 
5 10 26 26 26 
5 11 11 12 22 
5 11 11 23 28 
5 11 16 19 25 
5 11 16 21 24 
5 11 19 20 21 
5 11 25 27 28 
5 12 13 16 19 
5 12 13 22 25 
5 12 17 22 25 
5 13 14 16 24 
5 13 15 16 26 
5 13 16 26 28 
5 13 20 22 26 
5 13 20 26 26 
5 14 14 18 27 
5 14 15 21 28 
5 14 19 21 21 
5 14 22 23 28 
5 15 16 24 25 
5 15 16 27 28 
5 15 17 18 25 
5 15 18 20 23 
5 15 19 22 23 
5 16 19 23 24 
5 16 21 26 27 
5 16 22 24 27 
5 16 23 24 27 
5 17 20 24 28 
5 18 18 23 23 
5 18 23 23 25 
5 20 22 24 24 
5 20 23 25 27 
5 23 23 24 27 
6 6 7 13 15 
6 6 7 15 15 
6 6 8 15 18 
6 6 9 21 27 
6 6 10 11 18 
6 6 14 22 23 
6 6 16 26 27 
6 7 7 16 25 
6 7 8 8 26 
6 7 8 10 26 
6 7 10 16 20 
6 7 11 15 16 
6 7 11 17 21 
6 7 12 17 23 
6 7 14 14 19 
6 7 14 17 24 
6 7 14 18 19 
6 7 15 18 23 
6 7 15 23 23 
6 7 18 24 25 
6 8 8 13 16 
6 8 8 14 27 
6 8 9 12 18 
6 8 9 14 27 
6 8 9 21 21 
6 8 12 21 23 
6 8 15 15 15 
6 8 15 16 23 
6 8 15 17 19 
6 8 17 21 25 
6 8 19 27 28 
6 8 21 26 28 
6 8 23 24 26 
6 9 11 12 19 
6 10 12 14 25 
6 10 12 26 28 
6 10 13 21 27 
6 10 14 15 24 
6 10 14 22 23 
6 11 12 21 25 
6 11 13 22 25 
6 11 14 17 19 
6 11 15 21 25 
6 11 20 24 24 
6 11 21 23 26 
6 11 23 26 26 
6 12 14 14 25 
6 12 15 24 24 
6 12 16 16 26 
6 13 15 22 27 
6 13 17 19 23 
6 13 17 21 24 
6 13 18 20 26 
6 13 23 24 25 
6 14 14 18 21 
6 14 17 26 26 
6 14 18 22 28 
6 14 20 20 21 
6 15 16 17 28 
6 15 17 19 22 
6 15 18 22 22 
6 16 16 19 24 
6 19 19 21 21 
6 22 23 23 25 
6 23 25 25 25 
7 7 14 22 28 
7 8 9 11 28 
7 8 9 23 24 
7 8 10 11 28 
7 8 12 18 23 
7 8 13 20 28 
7 8 14 19 23 
7 8 15 17 18 
7 8 21 22 28 
7 8 22 23 25 
7 9 9 11 26 
7 9 9 18 26 
7 9 10 11 17 
7 9 10 20 22 
7 9 12 14 19 
7 9 13 14 27 
7 9 13 25 27 
7 9 13 26 27 
7 9 15 16 19 
7 9 15 19 22 
7 9 15 27 28 
7 9 19 19 23 
7 9 19 25 27 
7 10 11 25 28 
7 10 12 15 19 
7 10 12 16 22 
7 10 16 19 21 
7 10 17 22 26 
7 10 18 20 25 
7 10 20 23 28 
7 11 11 18 27 
7 11 12 16 28 
7 11 12 26 28 
7 11 13 19 25 
7 11 13 23 27 
7 11 15 15 19 
7 11 15 16 22 
7 11 15 17 24 
7 11 19 22 24 
7 11 24 25 26 
7 12 14 20 21 
7 12 25 27 27 
7 13 16 16 22 
7 14 17 21 26 
7 15 16 24 26 
7 15 17 18 24 
7 15 17 20 24 
7 15 19 24 28 
7 15 24 24 24 
7 16 16 17 19 
7 16 16 23 26 
7 16 17 21 23 
7 16 18 23 24 
7 18 18 19 23 
7 18 18 20 26 
7 18 19 20 23 
7 20 22 27 27 
7 20 25 27 28 
8 8 14 15 17 
8 8 16 23 27 
8 8 18 23 28 
8 9 9 14 20 
8 9 11 18 26 
8 9 13 14 28 
8 10 11 19 26 
8 10 11 21 23 
8 10 14 22 22 
8 10 17 19 22 
8 10 17 23 24 
8 10 18 22 24 
8 10 18 26 27 
8 10 20 25 27 
8 10 27 28 28 
8 11 12 15 25 
8 11 12 18 22 
8 11 17 17 21 
8 11 18 21 21 
8 11 26 27 27 
8 12 13 24 25 
8 12 13 24 27 
8 12 15 18 27 
8 12 16 23 27 
8 12 17 28 28 
8 12 20 21 28 
8 13 13 24 26 
8 13 16 19 23 
8 13 21 22 22 
8 13 25 26 28 
8 14 18 23 27 
8 15 17 19 24 
8 15 19 19 24 
8 15 19 22 28 
8 15 23 23 26 
8 16 19 20 21 
8 16 21 27 27 
8 17 18 23 23 
8 17 19 21 27 
8 17 20 22 27 
8 19 21 22 26 
8 20 21 21 22 
8 20 21 24 27 
9 9 9 13 15 
9 9 10 12 14 
9 9 14 17 21 
9 9 14 17 22 
9 9 18 24 26 
9 9 19 22 27 
9 9 19 25 27 
9 10 11 13 25 
9 10 13 14 16 
9 10 13 14 22 
9 10 13 18 21 
9 10 14 15 16 
9 10 17 18 25 
9 10 20 20 27 
9 10 21 22 22 
9 10 23 23 27 
9 10 23 24 27 
9 10 24 25 28 
9 11 11 13 27 
9 11 14 20 25 
9 11 15 21 22 
9 11 17 20 22 
9 11 19 23 26 
9 12 12 13 14 
9 12 12 14 21 
9 12 20 22 24 
9 12 20 28 28 
9 13 14 17 18 
9 13 15 15 21 
9 13 15 21 24 
9 13 16 24 28 
9 13 18 19 23 
9 13 18 23 26 
9 13 23 25 27 
9 14 14 26 28 
9 14 15 18 26 
9 14 15 23 27 
9 14 16 19 21 
9 14 18 20 23 
9 14 20 25 25 
9 14 20 25 27 
9 15 17 19 24 
9 15 22 22 24 
9 16 18 23 25 
9 16 21 25 27 
9 16 24 24 25 
9 17 18 19 21 
9 17 19 21 28 
9 18 21 23 27 
9 19 24 27 27 
10 10 10 13 22 
10 11 11 18 26 
10 11 12 18 26 
10 11 13 14 22 
10 11 14 17 23 
10 11 14 23 24 
10 11 14 25 25 
10 11 15 16 21 
10 12 14 17 25 
10 12 14 19 26 
10 12 15 23 25 
10 12 15 25 28 
10 12 16 21 21 
10 12 20 21 28 
10 12 25 26 28 
10 13 14 16 28 
10 13 14 23 25 
10 13 15 17 20 
10 13 15 18 19 
10 13 18 18 19 
10 13 18 25 26 
10 13 19 22 23 
10 14 14 17 23 
10 14 17 22 25 
10 14 18 23 26 
10 14 20 24 27 
10 15 17 21 28 
10 16 17 24 28 
10 16 19 22 28 
10 16 26 27 28 
10 18 22 26 28 
10 19 19 20 22 
10 19 22 24 25 
10 21 22 24 24 
10 22 23 24 24 
10 24 27 27 28 
11 11 11 13 19 
11 11 12 16 25 
11 11 16 16 17 
11 11 16 21 22 
11 11 17 21 28 
11 11 18 24 24 
11 12 13 23 23 
11 12 13 25 28 
11 12 16 23 26 
11 12 20 20 22 
11 12 24 25 27 
11 12 26 26 27 
11 13 13 13 21 
11 13 16 16 23 
11 13 17 28 28 
11 14 16 20 20 
11 14 16 20 24 
11 14 17 19 20 
11 14 17 21 25 
11 14 18 20 27 
11 14 19 24 27 
11 14 19 26 28 
11 14 21 23 28 
11 15 17 18 23 
11 15 17 18 26 
11 15 19 25 28 
11 15 24 25 27 
11 16 16 16 28 
11 16 19 20 24 
11 19 19 24 27 
11 19 24 25 28 
12 12 12 18 22 
12 12 19 23 24 
12 12 23 25 26 
12 13 15 19 21 
12 13 21 24 27 
12 14 15 19 25 
12 14 15 22 24 
12 14 20 26 27 
12 16 18 19 22 
12 16 18 22 25 
12 16 21 22 27 
12 17 17 20 28 
12 17 19 20 25 
12 17 20 21 26 
12 17 21 21 22 
12 18 24 26 26 
12 19 19 27 28 
12 19 20 23 24 
12 19 20 24 27 
12 19 21 25 26 
12 20 20 21 22 
12 20 23 23 28 
12 23 23 24 27 
12 24 24 27 27 
13 13 18 23 24 
13 14 15 25 25 
13 14 16 21 22 
13 14 19 23 28 
13 14 21 21 25 
13 15 16 17 25 
13 15 16 17 28 
13 16 21 21 24 
13 17 24 24 26 
13 18 23 24 24 
13 19 20 25 28 
13 23 26 28 28 
13 25 26 26 26 
14 14 16 22 25 
14 14 21 25 26 
14 15 19 21 24 
14 16 17 23 24 
14 16 20 24 26 
14 17 18 18 24 
14 17 21 21 24 
14 18 24 24 28 
14 19 20 23 27 
14 19 24 27 27 
14 20 26 27 27 
14 21 23 24 26 
14 22 23 25 26 
15 15 16 21 23 
15 15 18 22 22 
15 15 18 26 27 
15 16 17 18 25 
15 16 19 19 24 
15 17 20 23 23 
15 17 20 25 26 
15 17 24 25 27 
15 18 19 19 25 
15 18 20 23 27 
15 20 20 24 26 
15 22 24 26 28 
16 16 18 18 23 
16 17 19 26 26 
16 18 19 22 23 
16 19 20 23 26 
16 20 21 21 26 
17 17 21 27 28 
17 17 25 26 28 
17 20 22 22 28 
17 20 22 27 28 
17 21 22 23 25 
18 18 19 23 26 
18 18 23 24 27 
18 19 19 26 26 
18 20 21 22 24 
18 24 25 27 27 
19 19 20 23 26 
19 20 22 22 24 
19 22 25 26 26 
19 23 25 25 28 
20 20 21 24 25 
20 20 21 25 26 
23 24 24 27 28 
26 26 27 28 28 
