1 2 16 12 26
1 3 13 17 28
1 3 17 11 23
1 3 17 12 25
1 3 17 13 21
1 3 18 14 28
1 5 13 18 21
1 6 14 16 28
1 8 16 12 28
1 8 16 17 23
1 9 10 10 26
1 9 18 14 23
2 1 12 12 28
2 1 14 10 23
2 2 13 12 21
2 2 15 16 23
2 2 19 11 22
2 4 10 14 20
2 4 12 16 23
2 4 15 17 24
2 6 11 16 23
2 6 19 14 21
2 8 15 10 21
3 1 11 15 26
3 2 16 10 25
3 3 11 13 26
3 4 13 13 20
3 4 19 11 23
3 6 11 17 27
3 6 15 19 20
3 6 17 13 20
3 7 13 18 23
3 8 13 18 20
3 8 15 11 27
3 9 16 12 25
3 9 17 16 21
3 9 17 16 22
3 9 18 13 26
4 1 12 19 25
4 1 17 13 27
4 2 16 17 23
4 3 11 14 25
4 3 14 10 25
4 3 19 18 21
4 5 10 11 25
4 5 13 15 20
4 5 16 16 25
4 6 16 10 25
5 2 11 12 25
5 2 15 12 22
5 3 16 12 25
5 4 18 14 22
5 5 12 15 27
5 7 16 12 25
6 3 14 13 26
6 3 19 17 27
6 4 11 17 20
6 4 12 10 21
6 4 12 12 20
6 5 14 14 26
6 5 15 12 20
6 6 10 17 25
6 6 14 18 20
6 6 19 15 21
6 7 16 11 27
6 8 10 19 26
6 8 11 16 28
6 8 13 10 25
6 8 15 12 22
6 8 15 14 23
7 2 12 10 22
7 2 17 10 26
7 2 19 17 25
7 4 18 12 25
7 5 12 13 20
7 5 19 14 25
7 6 18 18 28
7 8 11 16 24
7 8 11 17 27
8 1 11 14 27
8 1 18 17 27
8 2 14 11 22
8 3 11 15 20
8 5 19 17 22
8 8 13 13 23
8 8 17 19 23
9 1 16 14 24
9 2 11 18 21
9 2 11 19 26
9 2 13 12 22
9 3 11 19 25
9 3 14 10 28
9 3 14 14 21
9 3 16 13 20
9 3 16 19 21
9 6 12 17 25
9 6 14 17 26
9 6 17 16 22
9 8 12 12 28
9 8 16 15 21
