4 7 11 18 24
1 6 11 13 26
7 8 12 18 27
2 8 12 18 26
6 8 10 17 27
5 6 11 15 20
6 9 16 19 23
2 4 12 19 28
1 8 15 16 25
4 8 14 18 21
6 9 11 12 26
2 5 13 16 26
3 8 11 15 21
6 9 12 19 25
2 5 12 15 25
2 9 10 12 20
2 8 13 15 20
2 3 13 14 26
1 3 14 17 26
1 7 13 15 26
3 6 13 19 21
4 7 12 13 20
4 7 11 17 24
6 7 10 18 28
2 3 15 16 26
2 5 10 11 23
2 5 14 19 27
2 8 12 14 22
2 4 10 19 20
1 7 11 14 27
4 7 12 15 25
5 8 10 12 27
4 6 15 17 27
3 7 17 18 27
2 6 13 18 22
3 7 11 18 25
1 9 13 18 23
4 7 12 13 24
1 7 18 19 20
8 9 14 17 27
2 4 10 11 26
6 9 11 12 21
1 2 10 16 28
3 6 15 16 20
3 7 16 19 26
6 8 10 18 21
2 8 17 19 25
3 9 11 17 21
1 9 10 17 20
2 4 15 16 21
4 8 11 15 21
1 2 15 18 23
1 6 11 15 26
3 5 10 19 25
4 7 12 16 23
4 7 10 15 21
1 2 14 19 26
4 6 12 13 23
1 9 10 14 28
2 7 11 19 24
2 7 13 14 21
4 6 17 18 23
2 4 11 15 23
5 8 11 19 26
2 7 15 19 24
2 4 14 18 27
2 3 15 17 28
1 4 10 11 27
5 9 16 17 27
3 5 17 19 23
2 5 11 16 20
4 9 11 14 21
2 4 14 16 20
4 9 11 15 25
3 5 10 17 23
4 8 13 14 28
3 8 17 19 21
5 6 12 18 21
3 5 12 14 27
3 8 14 15 21
3 7 10 12 26
4 7 15 17 27
2 6 11 13 23
3 5 11 18 28
1 2 13 15 21
3 8 12 15 21
1 7 11 19 28
3 9 18 19 26
2 6 11 18 22
1 6 10 17 27
1 4 11 13 25
4 5 13 15 20
6 8 11 19 27
7 9 10 14 21
1 7 10 17 20
5 9 13 17 25
3 9 13 17 25
3 9 10 13 24
3 8 13 14 27
4 6 14 19 27
2 4 15 16 22
5 7 14 19 28
2 3 17 19 24
7 8 10 18 22
2 4 13 18 20
2 5 14 16 25
1 7 16 19 26
2 9 13 16 27
1 9 15 19 22
2 6 10 11 28
3 7 12 17 26
5 9 10 16 26
1 6 16 19 20
1 6 16 18 23
3 8 11 13 25
1 4 11 18 25
4 9 14 19 26
4 7 14 19 22
8 9 16 19 26
2 8 18 19 22
3 5 11 19 26
3 6 12 16 24
1 8 15 18 23
4 8 13 16 21
3 5 16 17 22
7 8 16 19 26
3 7 18 19 21
1 7 11 17 28
1 3 10 12 25
3 4 14 18 21
5 7 11 19 20
3 8 15 17 28
5 8 12 13 20
1 8 10 12 21
6 8 18 19 22
1 6 11 12 20
3 5 10 14 24
3 4 13 17 28
2 9 13 18 28
1 8 10 16 25
3 4 12 16 23
2 3 11 13 22
3 6 17 18 28
7 8 11 19 22
1 5 13 15 22
8 9 10 11 26
1 8 15 18 25
5 8 13 16 22
1 6 13 17 21
2 5 12 18 28
5 9 13 19 24
2 7 14 15 23
2 5 12 19 21
3 4 13 15 20
1 8 13 19 20
5 7 11 14 24
7 8 15 18 27
6 9 12 15 22
3 6 11 14 24
6 9 13 18 28
5 9 10 14 24
6 8 12 19 26
3 4 17 19 20
4 9 14 17 26
2 3 17 18 22
2 5 10 11 27
3 5 11 12 28
6 9 10 15 26
1 2 10 13 21
4 7 15 19 24
3 9 12 18 26
1 9 13 19 25
2 5 14 19 22
6 9 12 17 20
2 8 13 18 27
2 9 14 19 28
1 9 10 19 24
4 7 11 12 24
2 6 12 13 24
1 5 13 14 28
1 4 15 18 26
2 6 11 16 23
2 6 10 18 20
1 7 12 19 25
3 9 13 19 22
2 6 15 19 28
5 7 11 15 23
4 5 11 13 25
6 7 16 18 20
4 6 15 16 27
3 8 17 19 25
3 6 10 19 24
2 3 13 18 20
1 7 13 16 27
5 7 15 19 27
6 9 10 12 26
3 9 10 14 21
2 6 13 15 24
6 8 14 19 28
1 4 14 16 23
4 6 11 14 25
4 8 12 14 25
1 4 12 14 23
2 4 10 17 25
4 9 11 14 28
6 7 12 19 22
5 6 14 15 22
2 3 11 19 21
1 6 15 18 22
6 7 11 16 27
4 7 16 18 23
5 9 15 16 25
4 5 16 18 26
5 9 13 16 24
1 2 18 19 26
2 9 15 16 20
5 6 17 18 24
1 4 14 18 20
5 8 11 14 28
6 7 10 14 27
1 9 12 13 21
4 6 11 17 24
2 3 13 18 28
4 7 13 15 28
1 6 10 17 24
2 4 10 19 27
3 6 11 18 21
3 6 10 11 22
3 9 11 16 25
5 8 13 16 26
1 6 11 12 27
1 4 16 18 24
1 4 14 17 25
6 9 10 16 22
1 5 13 16 23
4 6 12 19 20
5 7 17 18 20
5 9 12 14 22
5 7 15 19 28
2 7 15 17 25
5 7 10 16 27
1 6 15 18 20
2 7 11 13 21
4 6 10 11 28
1 5 10 15 27
3 9 15 19 24
6 9 16 17 26
1 5 18 19 26
1 2 13 17 21
4 9 10 19 27
4 6 10 15 22
3 4 18 19 22
7 9 14 18 24
1 3 17 19 21
6 9 14 19 22
4 7 17 18 23
1 3 14 15 28
2 4 10 16 28
4 8 14 16 24
3 9 17 18 20
3 7 10 12 25
1 5 13 14 23
3 9 12 13 20
2 5 14 19 21
1 8 12 18 22
4 8 16 17 25
1 6 13 16 23
5 7 12 16 22
4 5 11 12 26
3 8 16 18 25
2 7 14 17 25
3 8 16 17 22
4 6 10 18 23
1 2 10 17 28
8 9 13 18 25
2 7 10 14 23
2 8 14 17 28
4 7 10 17 23
6 8 12 19 22
1 7 11 19 23
4 8 10 16 21
4 7 10 11 26
1 9 15 16 28
5 9 12 18 20
4 5 15 17 20
3 9 15 17 20
3 7 10 18 21
1 4 10 13 23
1 7 13 17 28
2 9 10 17 22
5 9 12 19 24
4 8 13 16 22
6 7 15 16 24
4 7 10 14 22
3 7 15 17 26
1 5 12 16 28
5 9 13 18 24
2 5 11 12 20
2 4 10 12 20
2 7 11 13 27
4 9 13 18 25
2 7 12 19 22
3 9 10 16 21
1 6 15 17 20
5 7 14 19 21
6 9 11 17 23
4 6 12 14 26
5 8 11 17 26
8 9 10 15 24
3 4 13 14 24
2 4 11 16 23
2 7 14 18 27
1 9 12 18 25
2 7 11 12 23
2 9 11 15 26
8 9 10 13 26
4 5 15 19 23
1 6 13 14 21
4 8 11 18 28
4 9 10 18 23
2 6 13 15 23
5 6 10 13 24
2 7 12 19 27
5 9 15 19 24
6 8 13 18 21
3 8 14 18 21
2 9 12 17 22
3 8 11 15 22
6 8 13 16 24
2 7 11 16 25
3 9 14 17 28
3 7 12 16 21
1 8 13 16 25
4 8 10 12 23
5 8 10 11 25
6 9 10 16 20
1 6 12 18 20
3 5 15 17 25
6 8 14 18 20
6 9 11 17 27
1 4 13 18 25
4 6 11 17 22
3 4 10 11 20
4 5 13 18 25
7 9 11 14 21
3 5 11 13 25
5 6 14 16 24
4 9 15 18 23
1 4 12 13 27
5 7 12 14 25
3 9 10 16 21
3 9 14 17 27
4 5 10 11 20
5 8 12 15 28
3 5 11 19 22
5 9 10 17 25
4 6 10 13 22
1 5 16 18 24
8 9 16 19 27
5 7 13 15 22
4 9 15 17 25
4 5 11 12 26
3 7 13 16 21
4 8 10 18 27
1 8 10 17 20
1 2 11 14 22
4 5 14 16 23
4 5 12 17 24
3 9 13 19 25
3 4 13 16 27
4 9 10 18 24
1 8 13 18 26
3 4 12 18 21
1 4 10 17 26
1 4 10 12 28
3 4 17 19 24
7 9 18 19 20
3 9 10 17 21
3 5 12 15 28
3 4 14 18 25
3 6 17 18 21
2 7 10 18 21
3 9 11 17 25
6 9 11 18 20
1 8 13 18 21
2 9 10 19 20
4 9 14 16 28
7 8 10 14 22
3 6 13 15 20
3 9 11 13 26
2 5 10 14 23
3 7 17 18 24
3 7 12 17 28
1 8 13 18 28
3 7 15 19 21
5 7 13 19 21
3 6 16 18 20
2 8 16 17 26
1 7 11 19 26
2 8 11 13 23
1 3 15 17 23
1 4 12 19 27
5 7 11 18 26
2 5 11 14 22
5 6 14 16 28
3 6 18 19 22
3 9 14 16 22
1 3 10 19 28
4 7 10 11 20
6 7 10 17 24
1 2 10 12 28
3 5 12 19 23
1 2 11 19 20
3 8 14 16 21
1 7 11 16 27
6 8 12 18 22
5 7 10 19 27
2 5 11 12 27
1 8 15 16 27
1 6 12 17 26
4 9 10 14 25
2 5 14 15 21
4 9 10 15 27
3 9 13 17 23
1 5 10 17 22
1 6 11 13 25
2 5 14 19 28
8 9 17 18 26
4 7 18 19 24
7 9 13 14 28
2 6 14 18 27
1 8 14 17 21
3 4 14 17 25
4 9 16 17 20
5 9 10 14 23
5 9 10 17 24
4 5 10 18 21
5 8 11 16 28
1 5 11 14 26
4 6 13 14 28
4 5 10 18 22
3 7 11 15 24
7 8 18 19 25
1 5 12 13 23
2 4 17 18 20
3 4 12 17 20
2 4 10 19 24
8 9 13 19 25
3 8 10 17 23
5 6 15 17 20
5 7 11 12 24
6 8 10 15 25
2 7 12 18 22
1 4 15 16 26
2 8 10 16 28
5 9 12 15 21
3 9 13 19 25
5 9 15 18 24
6 7 15 19 23
5 7 10 15 27
2 9 13 16 28
2 3 12 17 26
3 6 12 15 21
3 9 11 14 21
3 6 14 19 26
5 9 10 14 23
3 7 10 19 24
3 9 11 15 26
1 6 11 15 22
7 8 15 17 25
7 8 10 15 24
4 9 11 12 28
1 5 17 19 23
2 8 12 18 21
5 9 11 16 22
5 7 16 19 24
1 6 10 15 24
1 5 15 16 27
2 8 14 17 23
4 8 13 14 25
3 9 10 16 25
4 8 16 18 25
1 8 16 17 25
2 8 10 14 27
1 9 11 17 22
4 7 14 16 23
3 5 11 17 28
1 4 10 12 24
2 8 10 11 23
1 6 13 14 24
6 9 12 19 27
4 5 14 18 26
4 7 15 18 21
4 6 14 15 22
5 6 10 17 22
2 4 10 16 20
5 8 10 12 23
1 5 10 17 26
2 5 13 15 20
4 6 13 17 21
2 9 15 19 20
6 8 12 17 28
4 7 10 19 24
4 5 12 19 27
5 6 17 18 25
1 2 13 19 24
1 2 14 15 26
1 8 11 19 22
3 9 13 18 26
2 6 15 19 22
4 8 12 14 26
6 8 10 15 26
1 9 15 17 21
2 8 10 13 22
1 6 12 13 26
2 5 10 13 24
3 8 12 13 28
5 9 11 16 26
2 4 15 19 28
2 9 17 18 27
1 7 10 17 25
1 6 12 19 21
2 7 14 18 24
5 8 14 16 27
6 8 11 14 26
4 9 17 19 22
1 2 17 18 22
2 8 16 19 20
1 7 14 15 27
8 9 10 19 27
5 9 10 19 23
3 8 16 18 26
1 2 14 19 26
2 5 12 17 26
4 7 15 18 21
1 6 15 16 26
3 6 11 15 25
7 8 12 18 20
6 7 16 17 23
8 9 13 15 24
5 9 17 18 25
4 6 14 17 24
7 8 12 16 27
8 9 12 18 21
2 3 12 15 25
1 5 16 18 25
4 7 15 17 23
7 9 13 17 28
4 6 11 14 24
1 2 17 19 22
3 7 12 18 28
5 9 13 15 26
1 6 13 19 22
2 9 16 17 28
7 8 15 19 21
3 9 14 18 20
2 6 10 16 27
4 6 12 17 22
4 7 15 18 21
7 9 13 17 24
7 8 16 17 28
6 8 10 14 21
1 2 15 17 25
4 8 11 18 20
1 7 11 12 24
2 3 10 15 23
6 7 12 18 22
7 8 13 18 24
1 5 12 14 24
3 5 16 17 26
3 8 12 18 25
8 9 10 12 20
1 7 10 18 26
3 4 11 15 26
1 3 10 16 28
4 9 12 18 23
1 6 12 15 28
4 8 14 19 21
5 6 17 18 21
3 7 17 19 25
3 4 11 19 20
2 3 14 15 24
4 8 10 16 24
2 5 10 18 24
5 7 12 18 23
5 6 12 14 21
6 9 14 16 23
3 6 10 16 22
5 7 12 13 20
2 7 13 19 28
7 9 11 14 21
2 9 18 19 28
2 8 11 16 27
5 7 14 19 25
5 8 14 16 20
4 7 13 17 27
1 8 10 17 28
2 3 11 17 22
7 9 10 17 22
1 8 11 19 21
1 9 15 18 23
5 6 14 19 25
5 9 14 19 22
1 4 11 12 23
3 4 11 17 27
3 9 13 18 28
3 4 16 19 25
7 9 16 17 26
3 7 16 17 26
4 7 13 17 25
5 8 15 17 25
5 9 17 18 26
6 9 13 14 24
1 7 11 16 22
7 9 10 18 20
1 2 11 12 22
4 6 10 17 23
2 5 10 12 23
1 6 14 19 26
4 6 16 18 23
3 5 15 18 21
3 5 12 13 24
2 5 11 19 27
5 8 10 15 28
2 7 10 17 27
2 7 10 12 28
1 7 17 18 21
3 5 12 13 28
5 7 10 17 21
3 7 11 19 23
1 8 14 17 20
2 7 10 19 25
7 9 16 19 28
5 6 12 15 21
3 7 12 15 23
1 3 14 18 21
2 4 10 16 24
4 9 12 16 23
1 4 13 15 28
2 6 10 18 28
1 5 17 19 22
4 8 12 15 20
3 9 14 17 26
2 7 10 13 20
4 8 10 12 27
2 3 13 19 24
5 7 14 18 24
3 6 14 17 21
6 8 10 11 24
6 9 14 15 28
2 3 10 15 26
3 9 10 12 27
5 8 12 14 25
2 8 18 19 25
3 4 11 15 24
3 8 10 19 21
1 7 12 13 27
1 9 15 16 20
4 8 15 17 20
4 8 12 13 21
1 5 14 18 28
5 8 13 15 25
3 5 13 16 26
4 9 18 19 22
3 5 13 18 20
4 5 10 16 28
3 9 15 19 21
5 8 14 16 22
4 5 15 16 20
2 8 10 14 28
4 7 12 16 27
2 8 16 18 25
3 5 14 16 24
8 9 15 19 23
5 8 14 16 23
3 8 10 18 23
3 9 13 18 20
5 9 12 17 25
1 7 10 14 22
2 6 13 15 26
4 8 10 17 21
2 7 14 17 26
4 7 16 18 25
4 9 11 19 24
2 4 12 16 22
2 4 10 19 24
1 6 10 12 26
6 7 15 17 20
1 4 11 17 20
2 5 13 15 23
1 5 10 12 23
5 7 15 19 27
1 3 12 19 24
5 7 13 17 20
1 7 10 19 28
1 7 14 17 28
5 8 13 19 20
4 7 14 19 22
1 9 18 19 28
8 9 15 17 24
3 4 13 18 21
3 8 11 14 23
3 4 16 19 25
2 3 14 18 20
4 8 10 14 21
1 5 13 15 28
4 9 10 12 21
2 3 10 14 20
1 6 12 16 28
7 8 15 18 24
3 7 13 19 25
3 5 13 19 28
1 8 15 17 21
8 9 10 14 26
2 8 12 15 27
8 9 18 19 20
3 5 15 16 24
4 5 11 15 26
1 8 10 15 24
1 2 10 19 27
4 9 11 18 22
1 3 10 18 23
2 8 13 17 25
5 9 12 16 22
4 6 11 17 20
5 9 11 16 27
7 9 11 16 22
2 3 16 18 27
1 8 14 15 21
3 7 10 11 23
3 5 11 18 22
3 5 12 19 21
1 3 13 14 26
6 9 13 17 23
7 8 12 15 26
1 8 10 14 28
7 8 10 15 21
4 9 11 13 23
2 5 17 18 21
5 7 12 13 21
6 8 11 13 26
5 7 15 16 28
2 3 12 18 21
3 7 15 16 26
2 5 10 19 23
7 8 13 18 22
2 3 13 15 28
3 8 10 17 23
1 2 12 13 21
5 9 10 17 23
2 3 13 16 26
5 8 17 18 25
8 9 10 13 21
2 4 12 18 20
5 8 17 18 24
3 6 14 18 22
1 5 14 16 20
7 8 12 14 28
1 2 11 19 27
4 8 11 19 25
1 7 10 13 27
1 6 10 15 28
7 8 14 16 28
4 5 13 18 20
6 7 13 14 24
1 7 10 12 23
2 4 10 18 27
2 8 16 19 21
4 7 11 17 27
7 9 10 15 25
1 4 10 15 20
2 8 16 18 22
3 6 16 17 27
5 8 13 19 21
2 6 16 19 20
8 9 18 19 27
7 9 11 16 28
2 7 15 17 25
5 9 15 18 22
7 8 12 15 22
3 7 11 13 27
4 6 12 16 22
3 6 12 16 27
2 3 11 16 27
1 6 10 13 28
4 9 10 17 20
1 4 10 19 28
2 3 13 14 24
4 7 10 19 20
2 3 14 17 27
4 6 14 18 23
1 9 15 17 22
5 6 14 17 24
1 7 13 14 27
2 3 13 16 24
1 2 11 15 25
3 6 10 17 26
1 8 11 17 28
2 8 15 17 24
2 9 15 16 26
1 2 11 16 25
5 7 15 19 25
4 7 16 19 25
2 3 12 17 21
6 7 14 15 22
2 3 12 19 28
6 7 10 12 21
8 9 13 14 24
1 2 13 18 23
7 9 11 15 23
7 8 13 18 28
4 6 13 19 22
3 9 10 16 20
2 6 11 15 21
1 7 11 16 21
2 8 13 19 22
8 9 13 16 22
8 9 13 18 23
6 7 13 16 22
2 3 12 14 20
5 7 13 16 20
4 8 17 18 25
5 7 13 15 28
5 9 14 16 23
1 8 16 17 26
2 9 14 17 26
1 8 11 14 23
1 9 16 17 23
3 7 11 17 27
2 3 15 17 20
5 7 13 15 20
2 4 18 19 22
7 8 15 18 26
7 9 12 17 27
4 9 14 19 27
4 5 14 19 21
6 7 10 14 27
3 9 10 11 27
5 8 16 19 22
4 7 13 16 20
1 3 13 15 26
4 6 10 15 21
3 5 10 16 25
6 9 10 14 22
4 6 11 15 25
3 9 16 18 24
8 9 13 14 22
2 7 16 19 23
2 9 17 18 21
2 4 10 11 23
7 8 12 15 21
7 9 11 17 23
3 8 11 14 20
3 8 10 17 26
7 8 12 16 25
5 7 18 19 25
3 5 13 15 20
4 5 13 14 28
7 8 15 16 20
1 8 12 13 22
3 8 10 17 27
1 3 12 18 21
1 9 14 18 24
1 8 18 19 23
3 8 14 15 21
1 4 10 15 28
1 5 18 19 20
3 8 14 15 28
5 8 10 12 21
2 7 16 19 27
2 5 11 18 21
5 8 11 16 21
4 8 13 15 28
2 4 14 15 23
1 3 18 19 28
1 3 14 15 25
4 5 15 16 23
5 6 11 13 25
1 5 17 18 23
1 6 13 17 21
4 6 11 18 21
4 7 16 17 20
5 6 13 16 24
7 8 10 11 23
8 9 13 19 26
2 6 10 17 27
2 8 10 14 26
5 8 14 19 21
2 5 16 18 22
4 9 15 16 23
7 9 10 15 26
1 4 12 19 28
2 8 13 19 26
6 7 17 18 20
4 9 14 18 25
3 6 13 15 25
5 9 16 18 23
2 8 12 14 23
3 4 13 14 22
2 3 10 12 28
3 9 11 18 25
2 4 11 17 20
3 6 14 17 22
4 8 10 16 23
1 3 11 14 23
4 7 14 16 26
1 7 10 11 25
1 3 12 14 20
4 9 14 16 21
4 5 10 13 20
1 6 18 19 21
2 4 17 18 20
6 8 11 16 21
2 7 11 13 24
4 6 10 16 25
1 5 13 19 26
1 3 11 17 20
1 8 15 17 23
2 3 10 14 21
2 5 17 19 28
3 4 15 16 23
4 7 11 14 20
6 8 13 15 23
2 7 13 15 23
2 4 14 19 23
3 6 10 19 21
7 9 10 13 28
1 4 16 17 25
3 6 10 16 27
3 7 12 15 24
1 6 11 13 28
2 9 11 13 25
1 6 11 14 22
2 5 12 14 28
3 4 12 19 21
7 8 18 19 22
1 7 18 19 24
3 8 15 19 24
1 2 11 14 23
4 6 11 16 27
6 8 11 19 27
3 5 12 13 28
1 2 11 15 22
2 5 10 12 25
5 9 17 18 27
4 8 12 18 22
4 6 10 19 22
3 5 16 17 28
6 7 11 14 22
6 9 13 18 22
5 8 10 18 28
1 9 16 17 22
5 8 12 18 23
8 9 10 19 25
1 8 13 14 22
6 7 15 17 27
4 6 14 16 23
2 7 12 14 21
1 8 14 15 20
5 9 14 16 20
1 5 17 18 28
6 7 13 19 23
2 8 12 16 27
2 4 13 14 20
6 9 14 15 21
3 5 17 19 25
2 8 15 19 27
1 5 10 16 20
4 6 13 18 24
2 5 10 16 20
1 8 15 18 22
7 9 15 18 28
5 6 11 15 20
2 9 13 15 28
3 6 15 16 26
4 6 15 18 27
4 7 16 18 23
5 9 13 19 20
3 4 12 17 22
3 6 15 16 22
3 4 13 17 26
4 8 12 18 26
5 6 11 12 22
6 8 13 15 24
2 6 14 17 28
7 9 13 15 22
6 8 12 14 21
3 4 12 19 20
5 8 11 13 25
3 7 10 11 21
1 5 15 17 23
5 6 12 13 28
8 9 15 19 24
1 4 10 18 22
2 9 10 14 24
1 9 13 19 23
5 8 12 19 25
4 5 10 19 20
3 6 10 19 24
1 5 12 17 28
6 7 11 19 22
6 8 14 19 28
2 6 12 16 22
4 6 16 19 20
3 4 12 18 23
4 7 10 17 25
4 5 11 13 22
7 8 15 19 23
2 5 12 14 27
5 7 12 17 22
3 4 10 12 25
3 5 12 17 22
3 6 11 15 22
4 7 10 19 28
7 8 14 18 26
2 7 10 16 28
1 2 14 15 23
3 6 11 17 24
4 8 10 19 20
3 7 10 11 27
7 9 15 17 26
3 6 17 19 27
1 8 14 17 23
2 4 10 12 22
1 9 12 13 26
2 4 12 14 20
4 6 15 18 27
2 6 13 14 21
4 5 14 17 21
6 8 11 14 26
5 7 15 18 28
4 9 15 19 21
4 6 12 13 28
7 8 10 11 27
1 3 17 19 21
3 9 18 19 27
1 9 10 19 27
5 7 11 13 28
6 7 11 16 22
3 5 14 18 26
3 9 10 12 22
3 7 13 18 21
6 7 11 17 22
1 6 11 14 20
7 8 14 17 27
4 8 15 17 20
3 4 12 19 27
5 6 15 19 27
1 4 12 13 20
1 7 13 15 21
4 6 10 15 25
3 4 17 19 22
2 3 13 19 27
2 8 12 15 21
1 2 11 12 24
3 5 11 16 26
5 7 10 18 27
3 9 13 18 20
1 5 12 13 23
2 6 15 19 21
3 5 16 19 25
7 8 12 14 20
1 9 16 19 21
4 9 10 11 27
1 7 17 19 20
7 9 15 18 26
3 4 11 16 21
3 8 11 19 26
1 2 11 16 21
2 6 12 16 24
3 4 16 19 21
1 5 12 14 23
3 8 18 19 28
4 8 11 17 20
1 6 13 16 27
3 9 15 17 21
1 6 13 16 28
7 9 15 18 27
4 8 10 18 21
4 7 17 19 27
7 8 13 14 27
2 3 16 17 27
6 8 11 17 25
1 7 16 18 23
5 9 11 14 24
1 3 14 17 22
5 7 14 19 20
3 7 13 16 20
3 4 16 18 24
1 4 15 19 22
1 8 15 19 21
1 8 13 14 21
5 9 12 13 28
3 8 10 11 22
4 5 13 17 28
1 9 10 16 27
2 7 10 13 24
3 5 11 14 24
3 8 11 14 22
3 4 17 19 22
5 9 13 14 21
4 5 10 18 20
3 8 10 13 24
2 5 12 16 26
2 4 10 17 26
3 7 11 13 21
1 2 16 17 25
8 9 16 18 22
1 8 12 13 25
2 7 14 16 22
2 6 16 19 26
1 2 10 15 21
4 9 11 19 26
2 7 16 18 22
3 7 11 19 23
4 9 16 19 27
1 5 13 17 23
2 8 11 12 28
6 8 12 14 25
6 8 13 17 25
3 9 11 16 20
2 8 12 18 25
3 7 11 18 27
3 7 15 18 20
1 9 10 12 24
3 8 14 19 23
2 9 17 18 20
1 7 12 14 27
1 7 12 15 20
3 6 13 18 25
5 6 12 17 26
5 7 11 14 22
5 7 12 14 25
4 6 11 18 24
4 6 15 17 26
2 6 11 17 23
4 7 13 15 21
1 9 12 18 26
3 9 11 13 22
1 9 15 19 27
4 9 13 16 28
1 5 13 15 20
4 5 14 19 25
2 3 13 14 26
4 8 10 19 26
1 8 14 18 22
7 8 12 16 28
4 7 13 14 24
2 5 11 16 27
3 7 13 17 21
5 9 16 19 25
4 6 18 19 22
1 9 13 18 23
6 7 13 14 21
7 9 12 16 25
2 7 14 16 21
2 5 14 15 25
4 6 12 18 23
8 9 13 15 22
4 8 11 13 26
3 8 12 14 23
1 6 16 18 20
1 6 14 17 27
2 4 16 19 22
6 8 12 15 24
4 8 10 15 26
1 4 13 14 23
3 8 13 18 28
2 7 14 18 28
6 7 17 19 28
1 5 13 16 27
1 8 15 18 25
5 9 13 15 23
3 8 10 18 25
1 4 15 17 26
1 9 14 19 22
6 9 16 17 27
3 8 14 16 24
2 8 14 16 24
1 6 11 19 23
5 9 11 13 26
4 9 13 19 26
4 6 10 17 27
2 9 15 18 20
5 7 12 18 26
3 4 10 16 23
6 7 12 17 21
2 4 11 13 20
3 6 10 15 21
5 6 13 18 21
3 7 10 11 26
1 6 13 16 24
2 6 14 18 22
3 4 10 12 28
4 8 12 17 22
2 7 11 14 22
4 7 11 17 23
5 6 16 18 25
4 9 15 18 28
8 9 10 16 25
1 7 16 19 26
2 8 13 15 24
4 6 15 16 20
7 9 14 18 22
1 4 13 14 28
3 9 10 17 26
3 6 10 16 21
2 6 14 17 28
2 5 11 14 27
1 3 12 16 21
6 7 11 12 21
4 8 12 18 26
3 5 14 16 22
1 7 18 19 23
6 9 13 17 20
1 2 12 19 26
3 5 17 19 26
5 9 10 14 21
2 6 10 18 28
1 3 11 17 21
6 9 14 16 21
1 2 11 16 27
4 5 11 16 23
3 8 11 13 25
7 8 10 11 23
2 3 12 19 25
2 4 14 17 20
2 5 10 16 20
2 4 12 19 27
2 8 13 17 21
4 5 10 19 22
3 5 10 16 25
2 7 12 13 23
1 8 10 12 20
5 9 12 17 24
2 6 14 17 21
4 8 10 11 21
1 8 10 17 26
1 6 11 16 26
4 5 14 18 23
2 6 16 19 22
4 7 15 18 20
1 8 12 14 28
2 4 11 14 21
8 9 13 14 24
2 5 11 13 22
1 7 11 15 28
4 9 14 16 20
1 4 10 11 22
5 9 12 15 22
3 9 11 12 28
5 6 10 18 28
4 7 11 13 24
7 8 13 19 26
5 9 11 14 20
5 6 15 17 23
6 8 11 16 23
4 6 13 14 28
4 6 11 19 27
2 9 13 16 23
2 3 10 19 20
1 3 13 14 20
1 9 12 17 20
3 6 18 19 25
3 5 13 19 28
1 8 11 15 26
1 4 12 17 22
4 6 10 11 26
2 6 11 12 27
2 9 18 19 25
2 5 11 13 25
1 2 12 19 27
6 8 15 18 28
1 7 15 19 24
4 6 13 15 22
4 7 15 16 23
7 9 17 18 22
3 5 17 19 28
3 7 12 14 21
1 5 13 18 27
3 8 10 13 25
2 5 16 17 28
2 7 13 17 24
5 7 12 18 24
5 7 11 17 23
2 5 12 19 22
5 8 16 18 28
4 9 17 18 24
1 2 17 19 27
4 7 12 13 27
2 3 10 18 23
1 7 11 18 26
2 4 14 17 21
1 7 10 13 25
5 6 15 16 20
1 4 10 15 22
4 5 15 19 21
7 9 12 17 24
6 7 17 18 24
2 6 11 18 28
3 7 11 15 28
5 7 17 18 20
2 4 11 16 20
5 7 12 13 22
4 7 13 18 21
6 8 14 19 24
5 7 14 18 26
3 8 14 17 27
4 9 14 16 28
4 8 11 17 26
8 9 13 15 27
5 6 12 18 24
5 8 16 17 23
2 8 11 17 26
1 6 14 19 24
3 9 13 14 23
5 8 15 17 26
5 6 10 19 23
1 4 16 17 21
2 6 12 18 25
5 7 13 17 25
1 2 12 13 20
5 6 16 17 21
2 4 10 12 25
1 5 10 13 22
4 7 12 16 24
6 9 11 14 22
2 9 12 16 21
2 8 15 17 22
2 7 15 17 25
6 8 11 17 25
6 9 10 18 25
6 7 15 19 24
4 9 13 17 24
2 7 15 16 21
5 8 14 17 20
6 8 13 15 23
1 7 10 14 21
7 9 13 19 24
1 3 10 11 25
5 9 11 19 25
2 6 15 17 21
1 8 17 19 21
4 8 18 19 20
6 7 15 17 24
2 7 14 17 22
5 8 11 19 24
2 3 10 15 20
3 6 11 12 25
5 9 11 15 20
6 7 10 19 22
1 7 12 19 23
3 5 16 19 20
1 5 13 18 22
6 7 10 13 24
3 5 10 18 24
4 9 12 15 25
2 5 12 18 25
6 9 11 19 24
5 7 10 15 23
6 9 14 17 23
6 7 12 14 20
4 8 12 19 20
2 8 10 15 24
5 9 10 12 25
6 9 10 11 23
4 7 10 14 25
6 8 14 16 21
2 6 11 19 22
4 5 11 19 22
4 8 14 18 20
1 7 13 15 23
1 7 13 17 22
2 7 11 18 22
1 8 10 15 21
4 5 10 13 25
7 8 17 19 23
2 9 11 17 25
2 8 15 18 22
1 6 11 12 22
4 9 10 17 22
2 6 14 18 24
2 3 10 19 24
1 8 10 19 21
5 7 15 19 20
3 6 10 11 20
1 7 13 18 22
2 9 13 14 23
1 6 16 17 25
2 6 11 13 24
5 8 12 15 23
1 4 14 17 23
3 8 11 17 22
4 6 14 16 25
6 9 16 19 20
1 8 13 17 25
5 7 14 15 24
4 8 15 18 20
2 7 10 11 24
6 9 13 18 23
2 8 14 15 20
7 8 11 15 21
2 3 11 15 21
3 6 15 19 23
5 8 10 11 22
2 7 16 17 24
2 7 14 18 20
3 6 11 14 20
7 9 10 15 23
5 8 18 19 24
6 8 14 19 25
5 7 12 15 21
3 8 10 17 20
2 5 10 12 23
3 8 10 14 24
2 7 16 18 20
5 7 13 15 25
2 9 16 17 20
1 5 14 15 24
8 9 16 18 23
4 8 17 19 24
7 9 12 13 24
7 8 10 18 23
1 4 14 19 23
3 9 16 19 25
3 6 11 15 21
6 9 13 15 21
7 8 12 16 25
2 3 14 18 24
1 5 12 16 21
7 8 15 18 24
6 8 10 15 21
6 8 14 15 21
5 8 11 18 21
6 7 12 17 21
6 7 13 15 22
4 9 12 14 22
3 4 11 14 25
2 9 17 18 24
7 9 15 17 20
2 5 13 17 24
2 7 13 16 22
7 8 16 18 23
1 9 12 14 23
5 8 11 18 23
3 7 10 13 25
4 8 16 17 20
3 5 12 15 20
6 7 10 18 22
4 6 11 14 23
3 7 16 18 20
1 4 12 16 24
1 7 14 18 25
1 6 11 13 25
3 4 14 19 25
7 8 14 17 25
2 7 15 17 22
3 5 13 15 21
7 8 10 15 21
1 9 11 13 21
2 7 14 18 23
1 6 12 19 21
1 7 18 19 25
2 5 11 19 20
1 2 15 17 22
6 9 10 15 22
2 9 11 13 20
1 5 12 19 21
3 6 10 12 24
2 3 13 19 24
3 6 12 17 23
4 8 11 14 22
3 8 13 18 24
1 6 10 16 24
1 3 12 13 22
1 8 11 15 23
4 7 13 19 25
1 8 11 14 20
6 8 10 11 23
6 7 11 12 20
1 7 17 18 20
1 3 11 15 21
4 9 12 15 20
2 6 15 18 22
5 9 15 16 20
6 8 12 18 21
4 9 11 19 22
6 8 18 19 24
3 6 15 19 20
1 8 13 14 23
1 2 14 18 25
1 3 15 17 25
4 9 12 18 21
2 6 10 11 23
5 8 13 18 21
6 7 12 13 25
5 7 16 17 24
8 9 11 16 23
5 8 11 13 24
7 9 10 17 20
2 3 10 17 24
6 9 14 16 23
6 8 10 16 22
1 2 11 13 25
1 3 10 14 21
2 7 14 17 22
2 8 12 14 22
2 9 16 19 21
3 4 14 16 25
1 4 12 18 22
3 5 12 17 20
5 8 15 16 21
4 9 10 14 23
7 8 16 17 20
1 6 12 15 22
1 4 12 19 24
2 7 14 18 22
3 4 13 16 21
3 7 15 18 21
4 5 13 16 24
4 8 10 13 21
4 6 14 16 23
7 8 11 14 22
4 6 12 17 23
2 8 11 14 25
3 6 17 18 21
1 4 11 18 25
2 8 15 18 22
2 9 10 11 23
3 6 15 16 22
5 9 12 15 21
1 7 10 17 20
6 7 12 19 21
1 2 11 14 21
1 2 12 17 25
3 6 14 19 21
1 2 14 18 20
7 9 14 15 20
1 2 11 18 23
4 9 14 15 23
3 8 13 18 21
1 2 12 18 23
5 7 10 17 22
4 8 17 19 23
6 9 14 19 21
3 7 10 19 21
2 6 10 19 22
5 8 15 19 21
1 7 15 19 21
3 4 17 19 21
6 8 13 15 23
2 4 16 17 25
3 4 12 18 25
1 7 10 13 25
5 6 12 15 23
2 3 12 15 25
2 6 14 17 23
2 8 11 14 22
1 7 11 19 20
4 8 10 18 22
4 6 13 15 22
6 9 16 17 21
6 7 10 11 23
1 4 17 19 23
3 7 14 18 23
3 7 11 18 24
3 4 14 15 24
4 6 11 17 24
4 9 14 15 21
5 6 16 17 24
6 8 10 15 24
5 8 10 12 20
4 8 13 16 22
3 6 14 16 22
1 3 12 15 24
8 9 12 16 21
2 9 10 11 22
2 8 11 15 22